Vanliga svenska ord 
[(2, 0.06), (3, 0.17), (4, 0.21), (5, 0.24), (6, 0.14), (7, 0.08), (8, 0.04), (9, 0.03), (10, 0.01), (11, 0.01)]

Vanliga engelska ord 
[(1, 0.02), (2, 0.09), (3, 0.16), (4, 0.26), (5, 0.17), (6, 0.14), (7, 0.08), (8, 0.04), (9, 0.03), (10, 0.02)]

Röda rummet 
[(1, 0.02), (2, 0.14), (3, 0.31), (4, 0.14), (5, 0.11), (6, 0.1), (7, 0.06), (8, 0.04), (9, 0.03), (10, 0.02), (11, 0.01), (12, 0.01), (13, 0.01)]

Red room 
[(1, 0.04), (2, 0.17), (3, 0.24), (4, 0.18), (5, 0.11), (6, 0.08), (7, 0.07), (8, 0.04), (9, 0.03), (10, 0.02), (11, 0.01)]
